%single_mixer_preset
561304
406087
550434
321738
449130
500000
450435
500000
246
500000
89
0
0
500000
500000
500000
500000
500000
500000
500000
500000
0
500000
89
0
0
500000
500000
500000
500000
500000
500000
500000
500000
0
500000
89
0
0
500000
500000
500000
500000
500000
500000
500000
500000
0
500000
89
0
0
500000
500000
525217
359565
549565
500000
500000
500000
252
500000
89
0
0
500000
500000
500000
500000
500000
500000
500000
500000
0
500000
89
0
0
500000
500000
500000
500000
500000
500000
500000
500000
0
500000
89
0
0
500000
500000
500000
500000
500000
500000
500000
500000
0
500000
89
0
0
500000
500000
500000
500000
500000
500000
500000
500000
0
500000
89
0
0
500000
500000
500000
500000
500000
500000
500000
500000
257
565217
85
0
0
500000
500000
500000
500000
500000
500000
500000
500000
274
404348
85
0
0
500000
500000
500000
500000
500000
500000
500000
500000
283
600000
85
0
0
500000
500000
500000
500000
500000
500000
500000
500000
287
400000
85
0
0
500000
500000
500000
500000
500000
500000
500000
500000
0
500000
89
0
0
500000
500000
500000
500000
500000
500000
500000
500000
0
500000
89
0
0
500000
500000
500000
500000
500000
500000
500000
500000
0
500000
89
0
0
0
26087
608695
0
0
89
0
0
0
0
0
0
0
500000
470000
530434
500000
10
0
15
15
0
647826
0
89
0
