%single_mixer_preset
561304
406087
550434
321738
449130
500000
450435
500000
243
500000
89
0
0
500000
500000
500000
500000
500000
500000
500000
500000
0
500000
89
0
0
500000
500000
500000
500000
500000
500000
500000
500000
0
500000
89
0
0
500000
500000
500000
500000
500000
500000
500000
500000
0
500000
89
0
0
500000
500000
525217
359565
549565
500000
500000
500000
252
500000
89
0
0
500000
500000
500000
500000
500000
500000
500000
500000
0
500000
89
0
0
500000
500000
500000
500000
500000
500000
500000
500000
0
500000
89
0
0
500000
500000
500000
500000
500000
500000
500000
500000
0
500000
89
0
0
500000
500000
500000
500000
500000
500000
500000
500000
0
500000
89
0
0
500000
500000
500000
500000
500000
500000
500000
500000
309
539130
85
0
0
500000
500000
500000
500000
500000
500000
500000
500000
361
443478
85
0
0
500000
500000
500000
500000
500000
500000
500000
500000
335
552174
85
0
0
500000
500000
500000
500000
500000
500000
500000
500000
339
443478
85
0
0
500000
500000
500000
500000
500000
500000
500000
500000
0
500000
89
0
0
500000
500000
500000
500000
500000
500000
500000
500000
0
500000
89
0
0
500000
500000
500000
500000
500000
500000
500000
500000
0
500000
89
0
0
1
26087
295652
0
0
89
0
0
0
0
0
0
0
450000
400869
562173
549999
0
0
20
75
157
313043
0
89
0
