%single_mixer_preset
574347
341304
549129
274782
461304
451304
449565
500000
374
434783
85
0
0
562607
338261
550869
299130
449130
500000
425217
500000
380
500000
85
0
0
538260
421304
537391
361739
463043
456956
425218
500000
366
556522
85
0
0
500000
500000
500000
500000
500000
500000
500000
500000
356
600000
85
0
0
500000
500000
561304
250000
550869
500000
500000
500000
331
365217
85
0
0
500000
500000
562173
363478
537826
296086
500000
500000
364
669565
85
0
0
500000
500000
536521
500000
574348
214782
500000
500000
313
765217
85
0
0
500000
500000
537390
382608
561738
308696
518695
500000
334
239130
85
0
0
586521
373913
549565
278261
479130
500000
424783
500000
386
382609
85
0
0
399565
500000
449130
500000
538260
500000
525652
500000
325
700000
85
0
0
500000
500000
500000
500000
500000
500000
500000
500000
342
347826
75
0
0
500000
500000
500000
500000
500000
500000
500000
500000
366
252174
75
0
0
500000
500000
500000
500000
500000
500000
500000
500000
357
230435
75
0
0
500000
500000
500000
500000
500000
500000
500000
500000
386
404348
74
0
0
500000
500000
500000
500000
500000
500000
500000
500000
387
234782
75
0
0
500000
500000
500000
500000
500000
500000
500000
500000
403
669565
75
0
0
4
0
730435
0
0
89
0
0
0
0
0
0
0
474782
425217
573913
473913
30
0
0
30
156
756522
1
89
0
