%single_mixer_preset
574347
341304
549129
274782
461304
451304
449565
500000
305
500000
89
0
0
562607
338261
550869
299130
449130
500000
425217
500000
288
500000
89
0
0
538260
421304
537391
361739
463043
456956
425218
500000
274
500000
89
0
0
500000
500000
500000
500000
500000
500000
500000
500000
287
500000
89
0
0
500000
500000
561304
250000
550869
500000
500000
500000
287
500000
89
0
0
500000
500000
562173
363478
537826
296086
500000
500000
295
500000
89
0
0
500000
500000
536521
500000
574348
214782
500000
500000
326
500000
89
0
0
500000
500000
537390
382608
561738
308696
518695
500000
330
500000
89
0
0
586521
373913
549565
278261
479130
500000
424783
500000
339
500000
89
0
0
399565
500000
449130
500000
538260
500000
525652
500000
308
482609
89
0
0
500000
500000
500000
500000
500000
500000
500000
500000
342
500000
89
0
0
500000
500000
500000
500000
500000
500000
500000
500000
365
500000
89
0
0
500000
500000
500000
500000
500000
500000
500000
500000
387
500000
89
0
0
500000
500000
500000
500000
500000
500000
500000
500000
326
495652
89
0
0
500000
500000
500000
500000
500000
500000
500000
500000
304
500000
89
0
0
500000
500000
500000
500000
500000
500000
500000
500000
303
500000
89
0
0
1
0
500000
0
0
89
0
0
0
0
0
0
0
500000
537826
373913
500000
0
0
20
20
186
0
1
89
0
