%single_mixer_preset
500000
500000
500000
500000
500000
500000
500000
500000
0
500000
89
0
0
624783
500000
463043
0
423913
421304
350435
500000
344
421739
89
0
0
574347
500000
417391
0
411739
500000
349130
500000
352
617391
89
0
0
500000
500000
500000
500000
500000
500000
500000
500000
0
500000
89
0
0
500000
500000
500000
500000
500000
500000
500000
500000
0
500000
89
0
0
500000
500000
500000
500000
500000
500000
500000
500000
319
369565
80
0
0
425652
555652
500000
500000
500000
500000
449565
500000
305
647826
85
0
0
500000
500000
500000
500000
500000
500000
500000
500000
0
500000
89
0
0
500000
500000
500000
500000
500000
500000
500000
500000
0
500000
89
0
0
500000
500000
500000
500000
500000
500000
500000
500000
0
500000
89
0
0
500000
500000
500000
500000
500000
500000
500000
500000
0
500000
89
0
0
500000
500000
500000
500000
500000
500000
500000
500000
0
500000
89
0
0
500000
500000
500000
500000
500000
500000
500000
500000
0
500000
89
0
0
500000
500000
500000
500000
500000
500000
500000
500000
283
630435
70
0
0
500000
500000
500000
500000
500000
500000
500000
500000
0
500000
89
0
0
500000
500000
500000
500000
500000
500000
500000
500000
0
500000
89
0
0
3
0
500000
0
0
89
0
0
0
0
0
0
0
521739
421739
400435
536956
15
23
12
18
140
734782
0
98
0
