%single_mixer_preset
561304
406087
550434
321738
449130
500000
450435
500000
243
500000
75
0
0
500000
500000
500000
500000
500000
500000
500000
500000
0
500000
89
0
0
500000
500000
500000
500000
500000
500000
500000
500000
0
500000
89
0
0
500000
500000
500000
500000
500000
500000
500000
500000
0
500000
89
0
0
500000
500000
525217
359565
549565
500000
500000
500000
252
500000
75
0
0
500000
500000
500000
500000
500000
500000
500000
500000
0
500000
89
0
0
500000
500000
500000
500000
500000
500000
500000
500000
0
500000
89
0
0
500000
500000
500000
500000
500000
500000
500000
500000
0
500000
89
0
0
500000
500000
500000
500000
500000
500000
500000
500000
0
500000
89
0
0
500000
500000
500000
500000
500000
500000
500000
500000
309
565217
85
0
0
500000
500000
500000
500000
500000
500000
500000
500000
361
404348
80
0
0
500000
500000
500000
500000
500000
500000
500000
500000
335
600000
80
0
0
500000
500000
500000
500000
500000
500000
500000
500000
339
400000
80
0
0
500000
500000
500000
500000
500000
500000
500000
500000
0
500000
89
0
0
500000
500000
500000
500000
500000
500000
500000
500000
0
500000
89
0
0
500000
500000
500000
500000
500000
500000
500000
500000
0
500000
89
0
0
4
26087
639130
0
0
89
0
0
0
0
0
0
0
500000
450869
526520
526086
30
0
15
20
96
656521
0
89
0
