%single_mixer_preset
574347
341304
549129
274782
461304
451304
449565
500000
343
500000
89
0
0
562607
338261
550869
299130
449130
500000
425217
500000
340
500000
89
0
0
538260
421304
537391
361739
463043
456956
425218
500000
318
482609
89
0
0
500000
500000
500000
500000
500000
500000
500000
500000
340
500000
89
0
0
500000
500000
561304
250000
550869
500000
500000
500000
352
500000
89
0
0
500000
500000
562173
363478
537826
296086
500000
500000
352
500000
89
0
0
500000
500000
536521
500000
574348
214782
500000
500000
370
500000
89
0
0
500000
500000
537390
382608
561738
308696
518695
500000
352
339130
89
0
0
586521
373913
549565
278261
479130
500000
424783
500000
474
500000
89
0
0
399565
500000
449130
500000
538260
500000
525652
500000
461
500000
89
0
0
500000
500000
500000
500000
500000
500000
500000
500000
466
273913
85
0
0
500000
500000
500000
500000
500000
500000
500000
500000
483
295652
85
0
0
500000
500000
500000
500000
500000
500000
500000
500000
474
347826
76
0
0
500000
500000
500000
500000
500000
500000
500000
500000
448
339130
85
0
0
500000
500000
482609
0
500000
500000
500000
500000
464
595652
85
0
0
500000
500000
500000
500000
500000
500000
500000
500000
465
500000
85
0
0
2
34783
652175
0
0
72
0
0
0
0
0
0
0
526087
456522
463044
559130
15
15
20
20
112
621739
0
89
0
