%single_mixer_preset
500000
500000
500000
500000
500000
500000
500000
500000
0
500000
89
0
0
576089
500000
549999
222173
423913
421304
424348
500000
291
443478
89
0
0
536956
500000
500000
500000
450869
500000
449565
500000
282
500000
89
0
0
500000
500000
500000
500000
500000
500000
500000
500000
0
500000
89
0
0
500000
500000
500000
500000
500000
500000
500000
500000
0
500000
89
0
0
500000
500000
500000
500000
500000
500000
500000
500000
283
369565
80
0
0
425652
555652
500000
500000
500000
500000
449565
500000
265
647826
85
0
0
500000
500000
500000
500000
500000
500000
500000
500000
0
500000
89
0
0
500000
500000
500000
500000
500000
500000
500000
500000
0
500000
89
0
0
500000
500000
500000
500000
500000
500000
500000
500000
0
500000
89
0
0
500000
500000
500000
500000
500000
500000
500000
500000
0
500000
89
0
0
500000
500000
500000
500000
500000
500000
500000
500000
0
500000
89
0
0
500000
500000
500000
500000
500000
500000
500000
500000
0
500000
89
0
0
500000
500000
500000
500000
500000
500000
500000
500000
274
630435
80
0
0
500000
500000
500000
500000
500000
500000
500000
500000
0
500000
89
0
0
500000
500000
500000
500000
500000
500000
500000
500000
0
500000
89
0
0
1
0
369565
0
0
89
0
0
0
0
0
0
0
462608
461739
536956
525217
0
0
20
75
183
347826
0
89
0
