%single_mixer_preset
500000
500000
500000
500000
500000
500000
500000
500000
0
500000
89
0
0
600436
500000
549999
222173
423913
421304
424348
500000
344
443478
89
0
0
536956
500000
500000
500000
450869
500000
449565
500000
356
500000
89
0
0
500000
500000
500000
500000
500000
500000
500000
500000
0
500000
89
0
0
500000
500000
500000
500000
500000
500000
500000
500000
0
500000
89
0
0
500000
500000
500000
500000
500000
500000
500000
500000
340
369565
80
0
0
425652
555652
500000
500000
500000
500000
449565
500000
330
647826
85
0
0
500000
500000
500000
500000
500000
500000
500000
500000
0
500000
89
0
0
500000
500000
500000
500000
500000
500000
500000
500000
0
500000
89
0
0
500000
500000
500000
500000
500000
500000
500000
500000
0
500000
89
0
0
500000
500000
500000
500000
500000
500000
500000
500000
0
500000
89
0
0
500000
500000
500000
500000
500000
500000
500000
500000
0
500000
89
0
0
500000
500000
500000
500000
500000
500000
500000
500000
0
500000
89
0
0
500000
500000
500000
500000
500000
500000
500000
500000
348
630435
80
0
0
500000
500000
500000
500000
500000
500000
500000
500000
0
500000
89
0
0
500000
500000
500000
500000
500000
500000
500000
500000
0
500000
89
0
0
3
0
578261
0
0
89
0
0
0
0
0
0
0
500000
500000
500000
500000
15
15
20
20
109
500000
0
89
0
