%single_mixer_preset
574347
341304
501303
274782
461304
451304
449565
500000
313
500000
89
0
0
562607
338261
550869
299130
449130
500000
425217
500000
314
500000
89
0
0
503478
525652
411304
361739
463043
456956
425218
500000
300
482609
80
0
0
500000
500000
395653
113043
500000
500000
500000
500000
300
500000
89
0
0
500000
500000
561304
250000
550869
500000
500000
500000
317
426087
89
0
0
500000
500000
562173
363478
537826
296086
500000
500000
286
565217
89
0
0
500000
500000
536521
500000
574348
214782
500000
500000
309
569565
89
0
0
500000
500000
537390
382608
561738
308696
518695
500000
308
339130
89
0
0
586521
373913
549565
278261
479130
500000
424783
500000
356
500000
89
0
0
399565
500000
449130
500000
538260
500000
525652
500000
374
500000
80
0
0
500000
500000
500000
500000
500000
500000
500000
500000
435
273913
80
0
0
500000
500000
500000
500000
500000
500000
500000
500000
427
295652
80
0
0
500000
500000
500000
500000
417391
213043
560869
621739
426
347826
73
0
0
500000
500000
500000
500000
500000
500000
500000
500000
391
339130
80
0
0
486957
500000
339130
95652
500000
500000
500000
500000
404
595652
80
0
0
500000
500000
500000
500000
500000
500000
500000
500000
387
500000
80
0
0
3
34783
500000
0
0
89
0
0
0
0
0
0
0
576087
437826
423913
560869
5
24
30
30
156
634782
0
96
0
