%single_mixer_preset
561304
406087
550434
321738
449130
500000
450435
500000
243
500000
89
0
0
500000
500000
500000
500000
500000
500000
500000
500000
0
500000
89
0
0
500000
500000
500000
500000
500000
500000
500000
500000
0
500000
89
0
0
500000
500000
500000
500000
500000
500000
500000
500000
0
500000
89
0
0
500000
500000
525217
359565
549565
500000
500000
500000
252
500000
89
0
0
500000
500000
500000
500000
500000
500000
500000
500000
0
500000
89
0
0
500000
500000
500000
500000
500000
500000
500000
500000
0
500000
89
0
0
500000
500000
500000
500000
500000
500000
500000
500000
0
500000
89
0
0
500000
500000
500000
500000
500000
500000
500000
500000
0
500000
89
0
0
500000
500000
500000
500000
500000
500000
500000
500000
309
500000
85
0
0
500000
500000
500000
500000
500000
500000
500000
500000
361
500000
85
0
0
500000
500000
500000
500000
500000
500000
500000
500000
335
500000
85
0
0
500000
500000
500000
500000
500000
500000
500000
500000
339
500000
85
0
0
500000
500000
500000
500000
500000
500000
500000
500000
0
500000
89
0
0
500000
500000
500000
500000
500000
500000
500000
500000
0
500000
89
0
0
500000
500000
500000
500000
500000
500000
500000
500000
0
500000
89
0
0
0
26087
500000
0
0
89
0
0
0
0
0
0
0
500000
449130
538261
500000
0
0
20
25
105
0
0
89
0
