%single_mixer_preset
561304
406087
550434
321738
449130
500000
450435
500000
330
500000
85
0
0
500000
500000
500000
500000
500000
500000
500000
500000
0
500000
89
0
0
500000
500000
500000
500000
500000
500000
500000
500000
0
500000
89
0
0
500000
500000
500000
500000
500000
500000
500000
500000
0
500000
89
0
0
500000
500000
525217
359565
549565
500000
500000
500000
309
500000
85
0
0
500000
500000
500000
500000
500000
500000
500000
500000
0
500000
89
0
0
500000
500000
500000
500000
500000
500000
500000
500000
0
500000
89
0
0
500000
500000
500000
500000
500000
500000
500000
500000
0
500000
89
0
0
500000
500000
500000
500000
500000
500000
500000
500000
0
500000
89
0
0
500000
500000
500000
500000
500000
500000
500000
500000
400
565217
85
0
0
500000
500000
413044
360870
500000
500000
500000
500000
404
404348
78
0
0
500000
500000
500000
500000
452173
0
500000
500000
396
600000
80
0
0
500000
500000
500000
500000
404348
139130
500000
500000
413
400000
80
0
0
500000
500000
500000
500000
500000
500000
500000
500000
0
500000
89
0
0
500000
500000
500000
500000
500000
500000
500000
500000
0
500000
89
0
0
500000
500000
500000
500000
500000
500000
500000
500000
0
500000
89
0
0
3
26087
500000
0
0
89
0
0
0
0
0
0
0
549129
576088
450870
449565
10
26
30
30
161
608696
0
89
0
