%single_mixer_preset
500000
500000
500000
500000
500000
500000
500000
500000
0
500000
89
0
0
500000
500000
500000
500000
500000
500000
500000
500000
0
500000
89
0
0
500000
500000
500000
500000
500000
500000
500000
500000
0
500000
89
0
0
549565
545216
526086
500000
473913
500000
450869
500000
400
334783
89
0
0
500000
500000
500000
500000
500000
500000
500000
500000
0
500000
89
0
0
500000
500000
500000
500000
500000
500000
500000
500000
0
500000
89
0
0
500000
500000
500000
500000
500000
500000
500000
500000
0
500000
89
0
0
500000
500000
500000
500000
500000
500000
500000
500000
422
373913
85
0
0
563044
338261
538695
382174
437826
500000
413043
500000
383
704349
97
0
0
500000
500000
500000
500000
500000
500000
500000
500000
0
500000
89
0
0
500000
500000
500000
500000
500000
500000
500000
500000
0
500000
89
0
0
500000
500000
500000
500000
500000
500000
500000
500000
0
500000
89
0
0
500000
500000
500000
500000
500000
500000
500000
500000
0
500000
89
0
0
500000
500000
500000
500000
500000
500000
500000
500000
0
500000
89
0
0
500000
500000
404348
234782
500000
500000
500000
500000
386
621740
80
0
0
500000
500000
500000
500000
500000
500000
500000
500000
378
404347
56
0
0
3
0
639130
0
0
58
0
0
0
0
0
0
0
595652
352174
536957
500000
20
15
20
20
113
656523
0
103
0
