%single_mixer_preset
561304
406087
550434
321738
449130
500000
450435
500000
243
500000
89
0
0
500000
500000
500000
500000
500000
500000
500000
500000
0
500000
89
0
0
500000
500000
500000
500000
500000
500000
500000
500000
0
500000
89
0
0
500000
500000
500000
500000
500000
500000
500000
500000
0
500000
89
0
0
500000
500000
525217
359565
549565
500000
500000
500000
252
500000
89
0
0
500000
500000
500000
500000
500000
500000
500000
500000
0
500000
89
0
0
500000
500000
500000
500000
500000
500000
500000
500000
0
500000
89
0
0
500000
500000
500000
500000
500000
500000
500000
500000
0
500000
89
0
0
500000
500000
500000
500000
500000
500000
500000
500000
0
500000
89
0
0
500000
500000
500000
500000
500000
500000
500000
500000
309
534782
85
0
0
500000
500000
500000
500000
500000
500000
500000
500000
361
347826
80
0
0
500000
500000
500000
500000
500000
500000
500000
500000
335
643478
80
0
0
500000
500000
500000
500000
500000
500000
500000
500000
339
352174
80
0
0
500000
500000
500000
500000
500000
500000
500000
500000
0
500000
89
0
0
500000
500000
500000
500000
500000
500000
500000
500000
0
500000
89
0
0
500000
500000
500000
500000
500000
500000
500000
500000
0
500000
89
0
0
2
26087
500000
0
0
89
0
0
0
0
0
0
0
626085
575652
324348
424347
20
40
35
30
400
557390
0
89
0
