%single_mixer_preset
561304
406087
550434
321738
449130
500000
450435
500000
408
500000
85
0
0
500000
500000
500000
500000
500000
500000
500000
500000
0
500000
89
0
0
500000
500000
500000
500000
500000
500000
500000
500000
0
500000
89
0
0
500000
500000
500000
500000
500000
500000
500000
500000
0
500000
89
0
0
500000
500000
525217
359565
549565
500000
500000
500000
409
500000
85
0
0
500000
500000
500000
500000
500000
500000
500000
500000
0
500000
89
0
0
500000
500000
500000
500000
500000
500000
500000
500000
0
500000
89
0
0
500000
500000
500000
500000
500000
500000
500000
500000
0
500000
89
0
0
500000
500000
500000
500000
500000
500000
500000
500000
0
500000
89
0
0
500000
500000
500000
500000
500000
500000
500000
500000
370
565217
85
0
0
500000
500000
500000
500000
500000
500000
500000
500000
383
404348
80
0
0
500000
500000
500000
500000
500000
500000
500000
500000
383
600000
80
0
0
500000
500000
500000
500000
500000
500000
500000
500000
369
400000
80
0
0
500000
500000
500000
500000
500000
500000
500000
500000
0
500000
89
0
0
500000
500000
500000
500000
500000
500000
500000
500000
0
500000
89
0
0
500000
500000
500000
500000
500000
500000
500000
500000
0
500000
89
0
0
2
26087
586956
0
0
89
0
0
0
0
0
0
0
500000
460870
500000
517392
20
8
20
20
109
669566
0
89
0
