%single_mixer_preset
500000
500000
500000
500000
500000
500000
500000
500000
0
500000
89
0
0
500000
500000
500000
222173
500000
421304
424348
500000
300
447826
78
0
0
500000
500000
500000
500000
500000
500000
449565
500000
291
573913
78
0
0
500000
500000
500000
500000
500000
500000
500000
500000
0
500000
89
0
0
500000
500000
500000
500000
500000
500000
500000
500000
0
500000
89
0
0
500000
500000
500000
500000
500000
500000
500000
500000
283
282608
71
0
0
425652
555652
500000
500000
500000
500000
449565
500000
265
708695
74
0
0
500000
500000
500000
500000
500000
500000
500000
500000
0
500000
89
0
0
500000
500000
500000
500000
500000
500000
500000
500000
0
500000
89
0
0
500000
500000
500000
500000
500000
500000
500000
500000
0
500000
89
0
0
500000
500000
500000
500000
500000
500000
500000
500000
0
500000
89
0
0
500000
500000
500000
500000
500000
500000
500000
500000
0
500000
89
0
0
500000
500000
500000
500000
500000
500000
500000
500000
0
500000
89
0
0
500000
500000
500000
500000
500000
500000
500000
500000
274
586957
74
0
0
500000
500000
500000
500000
500000
500000
500000
500000
0
500000
89
0
0
500000
500000
500000
500000
500000
500000
500000
500000
0
500000
89
0
0
4
0
678261
0
0
95
0
0
0
0
0
0
0
500000
500000
500000
500000
30
0
15
18
83
656523
0
89
0
