%single_mixer_preset
574347
341304
549129
274782
461304
451304
449565
500000
282
500000
89
0
0
562607
338261
550869
299130
449130
500000
425217
500000
283
500000
89
0
0
538260
421304
537391
361739
463043
456956
425218
500000
261
482609
89
0
0
500000
500000
500000
500000
500000
500000
500000
500000
270
500000
89
0
0
500000
500000
561304
250000
550869
500000
500000
500000
313
500000
89
0
0
500000
500000
562173
363478
537826
296086
500000
500000
278
500000
89
0
0
500000
500000
536521
500000
574348
214782
500000
500000
283
500000
89
0
0
500000
500000
537390
382608
561738
308696
518695
500000
248
339130
89
0
0
586521
373913
549565
278261
479130
500000
424783
500000
317
500000
89
0
0
399565
500000
449130
500000
538260
500000
525652
500000
352
500000
89
0
0
500000
500000
500000
500000
500000
500000
500000
500000
335
273913
89
0
0
500000
500000
500000
500000
500000
500000
500000
500000
357
295652
89
0
0
500000
500000
500000
500000
500000
500000
500000
500000
291
347826
89
0
0
500000
500000
500000
500000
500000
500000
500000
500000
287
339130
89
0
0
500000
500000
500000
500000
500000
500000
500000
500000
278
595652
89
0
0
500000
500000
500000
500000
500000
500000
500000
500000
278
500000
89
0
0
0
0
500000
0
0
89
0
0
0
0
0
0
0
500000
500000
463044
537391
0
0
15
15
108
556521
1
89
0
