%single_mixer_preset
500000
500000
500000
500000
500000
500000
500000
500000
0
500000
89
0
0
500000
500000
500000
500000
500000
500000
500000
500000
0
500000
89
0
0
500000
500000
500000
500000
500000
500000
500000
500000
0
500000
89
0
0
473913
188694
352173
0
473913
500000
450869
500000
322
404348
97
0
0
500000
500000
500000
500000
500000
500000
500000
500000
0
500000
89
0
0
500000
500000
500000
500000
500000
500000
500000
500000
0
500000
89
0
0
500000
500000
500000
500000
500000
500000
500000
500000
0
500000
89
0
0
500000
500000
500000
500000
500000
500000
500000
500000
317
321739
80
0
0
758696
255652
338695
0
481305
243478
413043
500000
335
500000
84
0
0
500000
500000
500000
500000
500000
500000
500000
500000
0
500000
89
0
0
500000
500000
500000
500000
500000
500000
500000
500000
0
500000
89
0
0
500000
500000
500000
500000
500000
500000
500000
500000
0
500000
89
0
0
500000
500000
500000
500000
500000
500000
500000
500000
0
500000
89
0
0
500000
500000
500000
500000
500000
500000
500000
500000
0
500000
89
0
0
500000
500000
334782
0
500000
500000
500000
500000
330
634783
80
0
0
500000
500000
500000
500000
391304
226087
360869
565217
348
626086
70
0
0
3
21739
500000
0
0
95
0
0
0
0
0
0
0
580000
386087
438696
553478
10
25
34
30
87
663044
0
89
0
